solid
facet normal -0.9901342391967773 -0.14012211561203003 0.0
 outer loop
  vertex 19.90779685974121 101.81809997558594 -50.0
  vertex 19.90779685974121 101.81809997558594 50.0
  vertex 19.65284538269043 103.61964416503906 50.0
 endloop
endfacet
facet normal 0.9901342391967773 0.14012211561203003 0.0
 outer loop
  vertex 19.65284538269043 103.61964416503906 50.0
  vertex 19.90779685974121 101.81809997558594 50.0
  vertex 19.90779685974121 101.81809997558594 -50.0
 endloop
endfacet
facet normal -0.9987164735794067 -0.05064891651272774 -0.0
 outer loop
  vertex 19.90779685974121 101.81809997558594 50.0
  vertex 19.90779685974121 101.81809997558594 -50.0
  vertex 20.0 100.0 -50.0
 endloop
endfacet
facet normal 0.9987164735794067 0.05064891651272774 0.0
 outer loop
  vertex 20.0 100.0 -50.0
  vertex 19.90779685974121 101.81809997558594 -50.0
  vertex 19.90779685974121 101.81809997558594 50.0
 endloop
endfacet
facet normal 0.0 0.0 -1.0
 outer loop
  vertex 19.65284538269043 103.61964416503906 50.0
  vertex 19.90779685974121 101.81809997558594 50.0
  vertex 20.0 100.0 50.0
 endloop
endfacet
facet normal 0.0 0.0 1.0
 outer loop
  vertex 20.0 100.0 50.0
  vertex 19.90779685974121 101.81809997558594 50.0
  vertex 19.65284538269043 103.61964416503906 50.0
 endloop
endfacet
facet normal -0.9987164735794067 -0.05064891651272774 0.0
 outer loop
  vertex 20.0 100.0 -50.0
  vertex 20.0 100.0 50.0
  vertex 19.90779685974121 101.81809997558594 50.0
 endloop
endfacet
facet normal 0.9987164735794067 0.05064891651272774 0.0
 outer loop
  vertex 19.90779685974121 101.81809997558594 50.0
  vertex 20.0 100.0 50.0
  vertex 20.0 100.0 -50.0
 endloop
endfacet
facet normal -0.4167528748512268 -0.9090198874473572 0.0
 outer loop
  vertex 7.53971529006958 118.50030517578125 -50.0
  vertex 9.19296932220459 117.74234771728516 -50.0
  vertex 7.53971529006958 118.50030517578125 50.0
 endloop
endfacet
facet normal 0.4167528748512268 0.9090198874473572 0.0
 outer loop
  vertex 7.53971529006958 118.50030517578125 50.0
  vertex 9.19296932220459 117.74234771728516 -50.0
  vertex 7.53971529006958 118.50030517578125 -50.0
 endloop
endfacet
facet normal -0.9901342391967773 -0.14012211561203003 0.0
 outer loop
  vertex 19.65284538269043 103.61964416503906 -50.0
  vertex 19.90779685974121 101.81809997558594 -50.0
  vertex 19.65284538269043 103.61964416503906 50.0
 endloop
endfacet
facet normal 0.9901342391967773 0.14012211561203003 0.0
 outer loop
  vertex 19.65284538269043 103.61964416503906 50.0
  vertex 19.90779685974121 101.81809997558594 -50.0
  vertex 19.65284538269043 103.61964416503906 -50.0
 endloop
endfacet
facet normal 0.0 0.0 1.0
 outer loop
  vertex 20.0 100.0 -50.0
  vertex 19.90779685974121 101.81809997558594 -50.0
  vertex 19.65284538269043 103.61964416503906 -50.0
 endloop
endfacet
facet normal 0.0 0.0 -1.0
 outer loop
  vertex 19.65284538269043 103.61964416503906 -50.0
  vertex 19.90779685974121 101.81809997558594 -50.0
  vertex 20.0 100.0 -50.0
 endloop
endfacet
facet normal 0.6818206906318665 -0.7315194010734558 0.0
 outer loop
  vertex -12.955032348632812 115.20349884033203 -50.0
  vertex -12.955032348632812 115.20349884033203 50.0
  vertex -14.28507137298584 113.96382141113281 50.0
 endloop
endfacet
facet normal -0.6818206906318665 0.7315194010734558 0.0
 outer loop
  vertex -14.28507137298584 113.96382141113281 50.0
  vertex -12.955032348632812 115.20349884033203 50.0
  vertex -12.955032348632812 115.20349884033203 -50.0
 endloop
endfacet
facet normal 0.46228715777397156 -0.8867303729057312 0.0
 outer loop
  vertex -8.376166343688965 118.141357421875 -50.0
  vertex -8.376166343688965 118.141357421875 50.0
  vertex -9.988814353942871 117.30062103271484 50.0
 endloop
endfacet
facet normal -0.46228715777397156 0.8867303729057312 0.0
 outer loop
  vertex -9.988814353942871 117.30062103271484 50.0
  vertex -8.376166343688965 118.141357421875 50.0
  vertex -8.376166343688965 118.141357421875 -50.0
 endloop
endfacet
facet normal 0.0 0.0 1.0
 outer loop
  vertex -11.519145965576172 116.31871795654297 -50.0
  vertex 4.063944339752197 119.55658721923828 -50.0
  vertex 2.2690646648406982 119.84660339355469 -50.0
 endloop
endfacet
facet normal 0.0 -0.0 -1.0
 outer loop
  vertex 2.2690646648406982 119.84660339355469 -50.0
  vertex 4.063944339752197 119.55658721923828 -50.0
  vertex -11.519145965576172 116.31871795654297 -50.0
 endloop
endfacet
facet normal 0.0 0.0 1.0
 outer loop
  vertex 17.939510345458984 91.21659851074219 -50.0
  vertex 5.825493812561035 80.89336395263672 -50.0
  vertex 17.067584991455078 89.62118530273438 -50.0
 endloop
endfacet
facet normal -0.0 0.0 -1.0
 outer loop
  vertex 17.067584991455078 89.62118530273438 -50.0
  vertex 5.825493812561035 80.89336395263672 -50.0
  vertex 17.939510345458984 91.21659851074219 -50.0
 endloop
endfacet
facet normal 0.0 0.0 -1.0
 outer loop
  vertex -14.28507137298584 86.03617858886719 50.0
  vertex -15.498668670654297 87.39048767089844 50.0
  vertex -19.790678024291992 97.28007507324219 50.0
 endloop
endfacet
facet normal 0.0 0.0 1.0
 outer loop
  vertex -19.790678024291992 97.28007507324219 50.0
  vertex -15.498668670654297 87.39048767089844 50.0
  vertex -14.28507137298584 86.03617858886719 50.0
 endloop
endfacet
facet normal 0.0 -0.0 1.0
 outer loop
  vertex 4.063944339752197 80.44341278076172 -50.0
  vertex 4.063944339752197 119.55658721923828 -50.0
  vertex -12.955032348632812 84.79650115966797 -50.0
 endloop
endfacet
facet normal 0.0 0.0 -1.0
 outer loop
  vertex -12.955032348632812 84.79650115966797 -50.0
  vertex 4.063944339752197 119.55658721923828 -50.0
  vertex 4.063944339752197 80.44341278076172 -50.0
 endloop
endfacet
facet normal -0.4966789484024048 -0.8679342865943909 0.0
 outer loop
  vertex 10.772072792053223 116.83869934082031 -50.0
  vertex 10.772072792053223 116.83869934082031 50.0
  vertex 9.19296932220459 117.74234771728516 50.0
 endloop
endfacet
facet normal 0.4966789484024048 0.8679342865943909 0.0
 outer loop
  vertex 9.19296932220459 117.74234771728516 50.0
  vertex 10.772072792053223 116.83869934082031 50.0
  vertex 10.772072792053223 116.83869934082031 -50.0
 endloop
endfacet
facet normal 0.9638553261756897 -0.2664259672164917 0.0
 outer loop
  vertex -19.465484619140625 104.50918579101562 -50.0
  vertex -18.980810165405273 106.26260375976562 -50.0
  vertex -19.465484619140625 104.50918579101562 50.0
 endloop
endfacet
facet normal -0.9638553261756897 0.2664259672164917 0.0
 outer loop
  vertex -19.465484619140625 104.50918579101562 50.0
  vertex -18.980810165405273 106.26260375976562 -50.0
  vertex -19.465484619140625 104.50918579101562 -50.0
 endloop
endfacet
facet normal 0.0 0.0 1.0
 outer loop
  vertex -19.465484619140625 104.50918579101562 -50.0
  vertex -16.58611297607422 111.1512680053711 -50.0
  vertex -18.980810165405273 106.26260375976562 -50.0
 endloop
endfacet
facet normal 0.0 -0.0 -1.0
 outer loop
  vertex -18.980810165405273 106.26260375976562 -50.0
  vertex -16.58611297607422 111.1512680053711 -50.0
  vertex -19.465484619140625 104.50918579101562 -50.0
 endloop
endfacet
facet normal 0.8016432523727417 -0.5978026986122131 0.0
 outer loop
  vertex -16.58611297607422 111.1512680053711 -50.0
  vertex -15.498668670654297 112.60951232910156 -50.0
  vertex -16.58611297607422 111.1512680053711 50.0
 endloop
endfacet
facet normal -0.8016432523727417 0.5978026986122131 0.0
 outer loop
  vertex -16.58611297607422 111.1512680053711 50.0
  vertex -15.498668670654297 112.60951232910156 -50.0
  vertex -16.58611297607422 111.1512680053711 -50.0
 endloop
endfacet
facet normal 0.0 0.0 -1.0
 outer loop
  vertex 5.825493812561035 119.10663604736328 50.0
  vertex 7.53971529006958 118.50030517578125 50.0
  vertex 17.067584991455078 110.37881469726562 50.0
 endloop
endfacet
facet normal 0.0 0.0 1.0
 outer loop
  vertex 17.067584991455078 110.37881469726562 50.0
  vertex 7.53971529006958 118.50030517578125 50.0
  vertex 5.825493812561035 119.10663604736328 50.0
 endloop
endfacet
facet normal -0.7776014804840088 -0.6287575364112854 0.0
 outer loop
  vertex 14.91218090057373 113.30410766601562 -50.0
  vertex 16.055818557739258 111.88973999023438 -50.0
  vertex 14.91218090057373 113.30410766601562 50.0
 endloop
endfacet
facet normal 0.7776014804840088 0.6287575364112854 0.0
 outer loop
  vertex 14.91218090057373 113.30410766601562 50.0
  vertex 16.055818557739258 111.88973999023438 -50.0
  vertex 14.91218090057373 113.30410766601562 -50.0
 endloop
endfacet
facet normal 0.0 0.0 1.0
 outer loop
  vertex 5.825493812561035 119.10663604736328 -50.0
  vertex 17.939510345458984 108.78340148925781 -50.0
  vertex 17.067584991455078 110.37881469726562 -50.0
 endloop
endfacet
facet normal -0.0 -0.0 -1.0
 outer loop
  vertex 17.067584991455078 110.37881469726562 -50.0
  vertex 17.939510345458984 108.78340148925781 -50.0
  vertex 5.825493812561035 119.10663604736328 -50.0
 endloop
endfacet
facet normal 0.38080838322639465 0.9246540069580078 0.0
 outer loop
  vertex -6.693967342376709 81.16584777832031 -50.0
  vertex -8.376166343688965 81.858642578125 -50.0
  vertex -8.376166343688965 81.858642578125 50.0
 endloop
endfacet
facet normal -0.38080838322639465 -0.9246540069580078 -0.0
 outer loop
  vertex -8.376166343688965 81.858642578125 50.0
  vertex -8.376166343688965 81.858642578125 -50.0
  vertex -6.693967342376709 81.16584777832031 -50.0
 endloop
endfacet
facet normal 0.9959626197814941 -0.08976902067661285 0.0
 outer loop
  vertex -19.95389747619629 100.90904998779297 -50.0
  vertex -19.790678024291992 102.71992492675781 -50.0
  vertex -19.95389747619629 100.90904998779297 50.0
 endloop
endfacet
facet normal -0.9959626197814941 0.08976902067661285 0.0
 outer loop
  vertex -19.95389747619629 100.90904998779297 50.0
  vertex -19.790678024291992 102.71992492675781 -50.0
  vertex -19.95389747619629 100.90904998779297 -50.0
 endloop
endfacet
facet normal 0.852079451084137 0.5234125852584839 -0.0
 outer loop
  vertex -16.58611297607422 88.8487319946289 -50.0
  vertex -17.53865623474121 90.39940643310547 50.0
  vertex -16.58611297607422 88.8487319946289 50.0
 endloop
endfacet
facet normal -0.852079451084137 -0.5234125852584839 -0.0
 outer loop
  vertex -16.58611297607422 88.8487319946289 50.0
  vertex -17.53865623474121 90.39940643310547 50.0
  vertex -16.58611297607422 88.8487319946289 -50.0
 endloop
endfacet
facet normal -0.07024195045232773 -0.9975299835205078 0.0
 outer loop
  vertex 2.2690646648406982 119.84660339355469 -50.0
  vertex 2.2690646648406982 119.84660339355469 50.0
  vertex 0.4551084637641907 119.97433471679688 50.0
 endloop
endfacet
facet normal 0.07024195045232773 0.9975299835205078 0.0
 outer loop
  vertex 0.4551084637641907 119.97433471679688 50.0
  vertex 2.2690646648406982 119.84660339355469 50.0
  vertex 2.2690646648406982 119.84660339355469 -50.0
 endloop
endfacet
facet normal 0.6133984923362732 -0.7897735238075256 0.0
 outer loop
  vertex -11.519145965576172 116.31871795654297 -50.0
  vertex -11.519145965576172 116.31871795654297 50.0
  vertex -12.955032348632812 115.20349884033203 50.0
 endloop
endfacet
facet normal -0.6133984923362732 0.7897735238075256 0.0
 outer loop
  vertex -12.955032348632812 115.20349884033203 50.0
  vertex -11.519145965576172 116.31871795654297 50.0
  vertex -11.519145965576172 116.31871795654297 -50.0
 endloop
endfacet
facet normal 0.0 0.0 -1.0
 outer loop
  vertex -9.988814353942871 117.30062103271484 50.0
  vertex 0.4551084637641907 119.97433471679688 50.0
  vertex 2.2690646648406982 119.84660339355469 50.0
 endloop
endfacet
facet normal 0.0 0.0 1.0
 outer loop
  vertex 2.2690646648406982 119.84660339355469 50.0
  vertex 0.4551084637641907 119.97433471679688 50.0
  vertex -9.988814353942871 117.30062103271484 50.0
 endloop
endfacet
facet normal 0.46228715777397156 0.8867303729057312 0.0
 outer loop
  vertex -8.376166343688965 81.858642578125 -50.0
  vertex -9.988814353942871 82.69937896728516 -50.0
  vertex -9.988814353942871 82.69937896728516 50.0
 endloop
endfacet
facet normal -0.46228715777397156 -0.8867303729057312 -0.0
 outer loop
  vertex -9.988814353942871 82.69937896728516 50.0
  vertex -9.988814353942871 82.69937896728516 -50.0
  vertex -8.376166343688965 81.858642578125 -50.0
 endloop
endfacet
facet normal 0.0 0.0 1.0
 outer loop
  vertex 0.4551084637641907 80.02566528320312 -50.0
  vertex -9.988814353942871 82.69937896728516 -50.0
  vertex -8.376166343688965 81.858642578125 -50.0
 endloop
endfacet
facet normal 0.0 0.0 -1.0
 outer loop
  vertex -8.376166343688965 81.858642578125 -50.0
  vertex -9.988814353942871 82.69937896728516 -50.0
  vertex 0.4551084637641907 80.02566528320312 -50.0
 endloop
endfacet
facet normal 0.46228715777397156 0.8867303729057312 -0.0
 outer loop
  vertex -8.376166343688965 81.858642578125 -50.0
  vertex -9.988814353942871 82.69937896728516 50.0
  vertex -8.376166343688965 81.858642578125 50.0
 endloop
endfacet
facet normal -0.46228715777397156 -0.8867303729057312 -0.0
 outer loop
  vertex -8.376166343688965 81.858642578125 50.0
  vertex -9.988814353942871 82.69937896728516 50.0
  vertex -8.376166343688965 81.858642578125 -50.0
 endloop
endfacet
facet normal 0.0 0.0 -1.0
 outer loop
  vertex -6.693967342376709 118.83415222167969 50.0
  vertex -4.95552921295166 119.37336730957031 50.0
  vertex -3.1723594665527344 119.73981475830078 50.0
 endloop
endfacet
facet normal 0.0 0.0 1.0
 outer loop
  vertex -3.1723594665527344 119.73981475830078 50.0
  vertex -4.95552921295166 119.37336730957031 50.0
  vertex -6.693967342376709 118.83415222167969 50.0
 endloop
endfacet
facet normal 0.2012968212366104 -0.9795303344726562 0.0
 outer loop
  vertex -3.1723594665527344 119.73981475830078 -50.0
  vertex -3.1723594665527344 119.73981475830078 50.0
  vertex -4.95552921295166 119.37336730957031 50.0
 endloop
endfacet
facet normal -0.2012968212366104 0.9795303344726562 0.0
 outer loop
  vertex -4.95552921295166 119.37336730957031 50.0
  vertex -3.1723594665527344 119.73981475830078 50.0
  vertex -3.1723594665527344 119.73981475830078 -50.0
 endloop
endfacet
facet normal 0.0 0.0 -1.0
 outer loop
  vertex -8.376166343688965 118.141357421875 50.0
  vertex -6.693967342376709 118.83415222167969 50.0
  vertex -1.3635176420211792 119.93868255615234 50.0
 endloop
endfacet
facet normal 0.0 0.0 1.0
 outer loop
  vertex -1.3635176420211792 119.93868255615234 50.0
  vertex -6.693967342376709 118.83415222167969 50.0
  vertex -8.376166343688965 118.141357421875 50.0
 endloop
endfacet
facet normal 0.0 0.0 -1.0
 outer loop
  vertex 9.19296932220459 117.74234771728516 50.0
  vertex 10.772072792053223 116.83869934082031 50.0
  vertex 14.91218090057373 113.30410766601562 50.0
 endloop
endfacet
facet normal 0.0 0.0 1.0
 outer loop
  vertex 14.91218090057373 113.30410766601562 50.0
  vertex 10.772072792053223 116.83869934082031 50.0
  vertex 9.19296932220459 117.74234771728516 50.0
 endloop
endfacet
facet normal 0.9959626197814941 0.08976902067661285 0.0
 outer loop
  vertex -19.790678024291992 97.28007507324219 -50.0
  vertex -19.95389747619629 99.09095001220703 -50.0
  vertex -19.95389747619629 99.09095001220703 50.0
 endloop
endfacet
facet normal -0.9959626197814941 -0.08976902067661285 -0.0
 outer loop
  vertex -19.95389747619629 99.09095001220703 50.0
  vertex -19.95389747619629 99.09095001220703 -50.0
  vertex -19.790678024291992 97.28007507324219 -50.0
 endloop
endfacet
facet normal 0.0 0.0 1.0
 outer loop
  vertex -14.28507137298584 86.03617858886719 -50.0
  vertex -19.95389747619629 99.09095001220703 -50.0
  vertex -19.790678024291992 97.28007507324219 -50.0
 endloop
endfacet
facet normal 0.0 0.0 -1.0
 outer loop
  vertex -19.790678024291992 97.28007507324219 -50.0
  vertex -19.95389747619629 99.09095001220703 -50.0
  vertex -14.28507137298584 86.03617858886719 -50.0
 endloop
endfacet
facet normal 0.0 0.0 1.0
 outer loop
  vertex 10.772072792053223 116.83869934082031 -50.0
  vertex 14.91218090057373 113.30410766601562 -50.0
  vertex 13.64566707611084 114.61061096191406 -50.0
 endloop
endfacet
facet normal -0.0 -0.0 -1.0
 outer loop
  vertex 13.64566707611084 114.61061096191406 -50.0
  vertex 14.91218090057373 113.30410766601562 -50.0
  vertex 10.772072792053223 116.83869934082031 -50.0
 endloop
endfacet
facet normal -0.0 0.0 -1.0
 outer loop
  vertex 19.237337112426758 94.60964965820312 50.0
  vertex 18.66468620300293 92.88383483886719 50.0
  vertex 18.66468620300293 107.11616516113281 50.0
 endloop
endfacet
facet normal 0.0 0.0 1.0
 outer loop
  vertex 18.66468620300293 107.11616516113281 50.0
  vertex 18.66468620300293 92.88383483886719 50.0
  vertex 19.237337112426758 94.60964965820312 50.0
 endloop
endfacet
facet normal -0.9491147994995117 0.31493034958839417 0.0
 outer loop
  vertex 19.237337112426758 94.60964965820312 -50.0
  vertex 18.66468620300293 92.88383483886719 50.0
  vertex 19.237337112426758 94.60964965820312 50.0
 endloop
endfacet
facet normal 0.9491147994995117 -0.31493034958839417 0.0
 outer loop
  vertex 19.237337112426758 94.60964965820312 50.0
  vertex 18.66468620300293 92.88383483886719 50.0
  vertex 19.237337112426758 94.60964965820312 -50.0
 endloop
endfacet
facet normal 0.5400251746177673 0.8416488170623779 -0.0
 outer loop
  vertex -9.988814353942871 82.69937896728516 -50.0
  vertex -11.519145965576172 83.68128204345703 50.0
  vertex -9.988814353942871 82.69937896728516 50.0
 endloop
endfacet
facet normal -0.5400251746177673 -0.8416488170623779 -0.0
 outer loop
  vertex -9.988814353942871 82.69937896728516 50.0
  vertex -11.519145965576172 83.68128204345703 50.0
  vertex -9.988814353942871 82.69937896728516 -50.0
 endloop
endfacet
facet normal 0.38080838322639465 -0.9246540069580078 0.0
 outer loop
  vertex -6.693967342376709 118.83415222167969 -50.0
  vertex -6.693967342376709 118.83415222167969 50.0
  vertex -8.376166343688965 118.141357421875 50.0
 endloop
endfacet
facet normal -0.38080838322639465 0.9246540069580078 0.0
 outer loop
  vertex -8.376166343688965 118.141357421875 50.0
  vertex -6.693967342376709 118.83415222167969 50.0
  vertex -6.693967342376709 118.83415222167969 -50.0
 endloop
endfacet
facet normal -0.8775022029876709 -0.4795725643634796 0.0
 outer loop
  vertex 17.067584991455078 110.37881469726562 -50.0
  vertex 17.939510345458984 108.78340148925781 -50.0
  vertex 17.067584991455078 110.37881469726562 50.0
 endloop
endfacet
facet normal 0.8775022029876709 0.4795725643634796 0.0
 outer loop
  vertex 17.067584991455078 110.37881469726562 50.0
  vertex 17.939510345458984 108.78340148925781 -50.0
  vertex 17.067584991455078 110.37881469726562 -50.0
 endloop
endfacet
facet normal 0.0 0.0 -1.0
 outer loop
  vertex -9.988814353942871 117.30062103271484 50.0
  vertex -8.376166343688965 118.141357421875 50.0
  vertex 0.4551084637641907 119.97433471679688 50.0
 endloop
endfacet
facet normal 0.0 0.0 1.0
 outer loop
  vertex 0.4551084637641907 119.97433471679688 50.0
  vertex -8.376166343688965 118.141357421875 50.0
  vertex -9.988814353942871 117.30062103271484 50.0
 endloop
endfacet
facet normal 0.38080838322639465 -0.9246540069580078 0.0
 outer loop
  vertex -8.376166343688965 118.141357421875 -50.0
  vertex -6.693967342376709 118.83415222167969 -50.0
  vertex -8.376166343688965 118.141357421875 50.0
 endloop
endfacet
facet normal -0.38080838322639465 0.9246540069580078 0.0
 outer loop
  vertex -8.376166343688965 118.141357421875 50.0
  vertex -6.693967342376709 118.83415222167969 -50.0
  vertex -8.376166343688965 118.141357421875 -50.0
 endloop
endfacet
facet normal 0.0 0.0 1.0
 outer loop
  vertex 16.055818557739258 88.11026000976562 -50.0
  vertex 9.19296932220459 82.25765228271484 -50.0
  vertex 14.91218090057373 86.69589233398438 -50.0
 endloop
endfacet
facet normal -0.0 0.0 -1.0
 outer loop
  vertex 14.91218090057373 86.69589233398438 -50.0
  vertex 9.19296932220459 82.25765228271484 -50.0
  vertex 16.055818557739258 88.11026000976562 -50.0
 endloop
endfacet
facet normal 0.0 0.0 -1.0
 outer loop
  vertex 9.19296932220459 117.74234771728516 50.0
  vertex 14.91218090057373 113.30410766601562 50.0
  vertex 16.055818557739258 111.88973999023438 50.0
 endloop
endfacet
facet normal 0.0 0.0 1.0
 outer loop
  vertex 16.055818557739258 111.88973999023438 50.0
  vertex 14.91218090057373 113.30410766601562 50.0
  vertex 9.19296932220459 117.74234771728516 50.0
 endloop
endfacet
facet normal -0.9491147994995117 -0.31493034958839417 0.0
 outer loop
  vertex 18.66468620300293 107.11616516113281 -50.0
  vertex 19.237337112426758 105.39035034179688 -50.0
  vertex 18.66468620300293 107.11616516113281 50.0
 endloop
endfacet
facet normal 0.9491147994995117 0.31493034958839417 0.0
 outer loop
  vertex 18.66468620300293 107.11616516113281 50.0
  vertex 19.237337112426758 105.39035034179688 -50.0
  vertex 18.66468620300293 107.11616516113281 -50.0
 endloop
endfacet
facet normal 0.0 -0.0 1.0
 outer loop
  vertex 19.237337112426758 94.60964965820312 -50.0
  vertex 19.237337112426758 105.39035034179688 -50.0
  vertex 18.66468620300293 107.11616516113281 -50.0
 endloop
endfacet
facet normal 0.0 0.0 -1.0
 outer loop
  vertex 18.66468620300293 107.11616516113281 -50.0
  vertex 19.237337112426758 105.39035034179688 -50.0
  vertex 19.237337112426758 94.60964965820312 -50.0
 endloop
endfacet
facet normal -0.07024195045232773 0.9975299835205078 0.0
 outer loop
  vertex 2.2690646648406982 80.15339660644531 -50.0
  vertex 0.4551084637641907 80.02566528320312 -50.0
  vertex 0.4551084637641907 80.02566528320312 50.0
 endloop
endfacet
facet normal 0.07024195045232773 -0.9975299835205078 0.0
 outer loop
  vertex 0.4551084637641907 80.02566528320312 50.0
  vertex 0.4551084637641907 80.02566528320312 -50.0
  vertex 2.2690646648406982 80.15339660644531 -50.0
 endloop
endfacet
facet normal 0.9838821887969971 -0.1788179725408554 0.0
 outer loop
  vertex -19.465484619140625 104.50918579101562 -50.0
  vertex -19.465484619140625 104.50918579101562 50.0
  vertex -19.790678024291992 102.71992492675781 50.0
 endloop
endfacet
facet normal -0.9838821887969971 0.1788179725408554 0.0
 outer loop
  vertex -19.790678024291992 102.71992492675781 50.0
  vertex -19.465484619140625 104.50918579101562 50.0
  vertex -19.465484619140625 104.50918579101562 -50.0
 endloop
endfacet
facet normal -0.24748332798480988 -0.9688920974731445 0.0
 outer loop
  vertex 5.825493812561035 119.10663604736328 -50.0
  vertex 5.825493812561035 119.10663604736328 50.0
  vertex 4.063944339752197 119.55658721923828 50.0
 endloop
endfacet
facet normal 0.24748332798480988 0.9688920974731445 0.0
 outer loop
  vertex 4.063944339752197 119.55658721923828 50.0
  vertex 5.825493812561035 119.10663604736328 50.0
  vertex 5.825493812561035 119.10663604736328 -50.0
 endloop
endfacet
facet normal 0.0 0.0 1.0
 outer loop
  vertex 9.19296932220459 117.74234771728516 -50.0
  vertex 16.055818557739258 111.88973999023438 -50.0
  vertex 14.91218090057373 113.30410766601562 -50.0
 endloop
endfacet
facet normal -0.0 -0.0 -1.0
 outer loop
  vertex 14.91218090057373 113.30410766601562 -50.0
  vertex 16.055818557739258 111.88973999023438 -50.0
  vertex 9.19296932220459 117.74234771728516 -50.0
 endloop
endfacet
facet normal -0.3334614336490631 0.9427636861801147 0.0
 outer loop
  vertex 7.53971529006958 81.49969482421875 -50.0
  vertex 5.825493812561035 80.89336395263672 50.0
  vertex 7.53971529006958 81.49969482421875 50.0
 endloop
endfacet
facet normal 0.3334614336490631 -0.9427636861801147 0.0
 outer loop
  vertex 7.53971529006958 81.49969482421875 50.0
  vertex 5.825493812561035 80.89336395263672 50.0
  vertex 7.53971529006958 81.49969482421875 -50.0
 endloop
endfacet
facet normal 0.0 0.0 1.0
 outer loop
  vertex -15.498668670654297 87.39048767089844 -50.0
  vertex -19.465484619140625 95.49081420898438 -50.0
  vertex -16.58611297607422 88.8487319946289 -50.0
 endloop
endfacet
facet normal 0.0 0.0 -1.0
 outer loop
  vertex -16.58611297607422 88.8487319946289 -50.0
  vertex -19.465484619140625 95.49081420898438 -50.0
  vertex -15.498668670654297 87.39048767089844 -50.0
 endloop
endfacet
facet normal 0.0 0.0 -1.0
 outer loop
  vertex -1.3635176420211792 80.06131744384766 50.0
  vertex -3.1723594665527344 80.26018524169922 50.0
  vertex -6.693967342376709 81.16584777832031 50.0
 endloop
endfacet
facet normal 0.0 0.0 1.0
 outer loop
  vertex -6.693967342376709 81.16584777832031 50.0
  vertex -3.1723594665527344 80.26018524169922 50.0
  vertex -1.3635176420211792 80.06131744384766 50.0
 endloop
endfacet
facet normal 0.10928358137607574 0.9940106868743896 -0.0
 outer loop
  vertex -1.3635176420211792 80.06131744384766 -50.0
  vertex -3.1723594665527344 80.26018524169922 50.0
  vertex -1.3635176420211792 80.06131744384766 50.0
 endloop
endfacet
facet normal -0.10928358137607574 -0.9940106868743896 -0.0
 outer loop
  vertex -1.3635176420211792 80.06131744384766 50.0
  vertex -3.1723594665527344 80.26018524169922 50.0
  vertex -1.3635176420211792 80.06131744384766 -50.0
 endloop
endfacet
facet normal -0.718009889125824 -0.6960330009460449 0.0
 outer loop
  vertex 13.64566707611084 114.61061096191406 -50.0
  vertex 14.91218090057373 113.30410766601562 -50.0
  vertex 13.64566707611084 114.61061096191406 50.0
 endloop
endfacet
facet normal 0.718009889125824 0.6960330009460449 0.0
 outer loop
  vertex 13.64566707611084 114.61061096191406 50.0
  vertex 14.91218090057373 113.30410766601562 -50.0
  vertex 13.64566707611084 114.61061096191406 -50.0
 endloop
endfacet
facet normal 0.6133984923362732 -0.7897735238075256 0.0
 outer loop
  vertex -12.955032348632812 115.20349884033203 -50.0
  vertex -11.519145965576172 116.31871795654297 -50.0
  vertex -12.955032348632812 115.20349884033203 50.0
 endloop
endfacet
facet normal -0.6133984923362732 0.7897735238075256 0.0
 outer loop
  vertex -12.955032348632812 115.20349884033203 50.0
  vertex -11.519145965576172 116.31871795654297 -50.0
  vertex -12.955032348632812 115.20349884033203 -50.0
 endloop
endfacet
facet normal 0.0 0.0 1.0
 outer loop
  vertex -12.955032348632812 115.20349884033203 -50.0
  vertex 4.063944339752197 119.55658721923828 -50.0
  vertex -11.519145965576172 116.31871795654297 -50.0
 endloop
endfacet
facet normal 0.0 -0.0 -1.0
 outer loop
  vertex -11.519145965576172 116.31871795654297 -50.0
  vertex 4.063944339752197 119.55658721923828 -50.0
  vertex -12.955032348632812 115.20349884033203 -50.0
 endloop
endfacet
facet normal 0.0 0.0 -1.0
 outer loop
  vertex -18.980810165405273 106.26260375976562 50.0
  vertex -18.340364456176758 107.96620178222656 50.0
  vertex -17.53865623474121 109.60059356689453 50.0
 endloop
endfacet
facet normal 0.0 0.0 1.0
 outer loop
  vertex -17.53865623474121 109.60059356689453 50.0
  vertex -18.340364456176758 107.96620178222656 50.0
  vertex -18.980810165405273 106.26260375976562 50.0
 endloop
endfacet
facet normal 0.0 0.0 -1.0
 outer loop
  vertex -6.693967342376709 118.83415222167969 50.0
  vertex -3.1723594665527344 119.73981475830078 50.0
  vertex -1.3635176420211792 119.93868255615234 50.0
 endloop
endfacet
facet normal 0.0 0.0 1.0
 outer loop
  vertex -1.3635176420211792 119.93868255615234 50.0
  vertex -3.1723594665527344 119.73981475830078 50.0
  vertex -6.693967342376709 118.83415222167969 50.0
 endloop
endfacet
facet normal 0.10928358137607574 -0.9940106868743896 0.0
 outer loop
  vertex -1.3635176420211792 119.93868255615234 -50.0
  vertex -1.3635176420211792 119.93868255615234 50.0
  vertex -3.1723594665527344 119.73981475830078 50.0
 endloop
endfacet
facet normal -0.10928358137607574 0.9940106868743896 0.0
 outer loop
  vertex -3.1723594665527344 119.73981475830078 50.0
  vertex -1.3635176420211792 119.93868255615234 50.0
  vertex -1.3635176420211792 119.93868255615234 -50.0
 endloop
endfacet
facet normal -0.5726083517074585 -0.8198291063308716 0.0
 outer loop
  vertex 10.772072792053223 116.83869934082031 -50.0
  vertex 12.264398574829102 115.79638671875 -50.0
  vertex 10.772072792053223 116.83869934082031 50.0
 endloop
endfacet
facet normal 0.5726083517074585 0.8198291063308716 0.0
 outer loop
  vertex 10.772072792053223 116.83869934082031 50.0
  vertex 12.264398574829102 115.79638671875 -50.0
  vertex 10.772072792053223 116.83869934082031 -50.0
 endloop
endfacet
facet normal 0.0 0.0 1.0
 outer loop
  vertex 10.772072792053223 116.83869934082031 -50.0
  vertex 13.64566707611084 114.61061096191406 -50.0
  vertex 12.264398574829102 115.79638671875 -50.0
 endloop
endfacet
facet normal -0.0 -0.0 -1.0
 outer loop
  vertex 12.264398574829102 115.79638671875 -50.0
  vertex 13.64566707611084 114.61061096191406 -50.0
  vertex 10.772072792053223 116.83869934082031 -50.0
 endloop
endfacet
facet normal 0.852079451084137 -0.5234125852584839 0.0
 outer loop
  vertex -17.53865623474121 109.60059356689453 -50.0
  vertex -16.58611297607422 111.1512680053711 -50.0
  vertex -17.53865623474121 109.60059356689453 50.0
 endloop
endfacet
facet normal -0.852079451084137 0.5234125852584839 0.0
 outer loop
  vertex -17.53865623474121 109.60059356689453 50.0
  vertex -16.58611297607422 111.1512680053711 -50.0
  vertex -17.53865623474121 109.60059356689453 -50.0
 endloop
endfacet
facet normal 0.5400251746177673 0.8416488170623779 0.0
 outer loop
  vertex -9.988814353942871 82.69937896728516 -50.0
  vertex -11.519145965576172 83.68128204345703 -50.0
  vertex -11.519145965576172 83.68128204345703 50.0
 endloop
endfacet
facet normal -0.5400251746177673 -0.8416488170623779 -0.0
 outer loop
  vertex -11.519145965576172 83.68128204345703 50.0
  vertex -11.519145965576172 83.68128204345703 -50.0
  vertex -9.988814353942871 82.69937896728516 -50.0
 endloop
endfacet
facet normal 0.0 0.0 1.0
 outer loop
  vertex 2.2690646648406982 80.15339660644531 -50.0
  vertex -11.519145965576172 83.68128204345703 -50.0
  vertex -9.988814353942871 82.69937896728516 -50.0
 endloop
endfacet
facet normal 0.0 0.0 -1.0
 outer loop
  vertex -9.988814353942871 82.69937896728516 -50.0
  vertex -11.519145965576172 83.68128204345703 -50.0
  vertex 2.2690646648406982 80.15339660644531 -50.0
 endloop
endfacet
facet normal 0.9838821887969971 0.1788179725408554 -0.0
 outer loop
  vertex -19.465484619140625 95.49081420898438 -50.0
  vertex -19.790678024291992 97.28007507324219 50.0
  vertex -19.465484619140625 95.49081420898438 50.0
 endloop
endfacet
facet normal -0.9838821887969971 -0.1788179725408554 -0.0
 outer loop
  vertex -19.465484619140625 95.49081420898438 50.0
  vertex -19.790678024291992 97.28007507324219 50.0
  vertex -19.465484619140625 95.49081420898438 -50.0
 endloop
endfacet
facet normal 0.0 0.0 1.0
 outer loop
  vertex 19.237337112426758 94.60964965820312 -50.0
  vertex 18.66468620300293 107.11616516113281 -50.0
  vertex 18.66468620300293 92.88383483886719 -50.0
 endloop
endfacet
facet normal 0.0 0.0 -1.0
 outer loop
  vertex 18.66468620300293 92.88383483886719 -50.0
  vertex 18.66468620300293 107.11616516113281 -50.0
  vertex 19.237337112426758 94.60964965820312 -50.0
 endloop
endfacet
facet normal 0.10928358137607574 -0.9940106868743896 0.0
 outer loop
  vertex -3.1723594665527344 119.73981475830078 -50.0
  vertex -1.3635176420211792 119.93868255615234 -50.0
  vertex -3.1723594665527344 119.73981475830078 50.0
 endloop
endfacet
facet normal -0.10928358137607574 0.9940106868743896 0.0
 outer loop
  vertex -3.1723594665527344 119.73981475830078 50.0
  vertex -1.3635176420211792 119.93868255615234 -50.0
  vertex -3.1723594665527344 119.73981475830078 -50.0
 endloop
endfacet
facet normal -0.7776014804840088 -0.6287575364112854 0.0
 outer loop
  vertex 16.055818557739258 111.88973999023438 -50.0
  vertex 16.055818557739258 111.88973999023438 50.0
  vertex 14.91218090057373 113.30410766601562 50.0
 endloop
endfacet
facet normal 0.7776014804840088 0.6287575364112854 0.0
 outer loop
  vertex 14.91218090057373 113.30410766601562 50.0
  vertex 16.055818557739258 111.88973999023438 50.0
  vertex 16.055818557739258 111.88973999023438 -50.0
 endloop
endfacet
facet normal -0.3334614336490631 -0.9427636861801147 0.0
 outer loop
  vertex 5.825493812561035 119.10663604736328 -50.0
  vertex 7.53971529006958 118.50030517578125 -50.0
  vertex 5.825493812561035 119.10663604736328 50.0
 endloop
endfacet
facet normal 0.3334614336490631 0.9427636861801147 0.0
 outer loop
  vertex 5.825493812561035 119.10663604736328 50.0
  vertex 7.53971529006958 118.50030517578125 -50.0
  vertex 5.825493812561035 119.10663604736328 -50.0
 endloop
endfacet
facet normal 0.0 0.0 1.0
 outer loop
  vertex 5.825493812561035 119.10663604736328 -50.0
  vertex 17.067584991455078 110.37881469726562 -50.0
  vertex 7.53971529006958 118.50030517578125 -50.0
 endloop
endfacet
facet normal -0.0 -0.0 -1.0
 outer loop
  vertex 7.53971529006958 118.50030517578125 -50.0
  vertex 17.067584991455078 110.37881469726562 -50.0
  vertex 5.825493812561035 119.10663604736328 -50.0
 endloop
endfacet
facet normal -0.0 0.0 -1.0
 outer loop
  vertex 19.65284538269043 96.38035583496094 50.0
  vertex 19.237337112426758 94.60964965820312 50.0
  vertex 20.0 100.0 50.0
 endloop
endfacet
facet normal 0.0 0.0 1.0
 outer loop
  vertex 20.0 100.0 50.0
  vertex 19.237337112426758 94.60964965820312 50.0
  vertex 19.65284538269043 96.38035583496094 50.0
 endloop
endfacet
facet normal -0.3334614336490631 -0.9427636861801147 0.0
 outer loop
  vertex 7.53971529006958 118.50030517578125 -50.0
  vertex 7.53971529006958 118.50030517578125 50.0
  vertex 5.825493812561035 119.10663604736328 50.0
 endloop
endfacet
facet normal 0.3334614336490631 0.9427636861801147 0.0
 outer loop
  vertex 5.825493812561035 119.10663604736328 50.0
  vertex 7.53971529006958 118.50030517578125 50.0
  vertex 7.53971529006958 118.50030517578125 -50.0
 endloop
endfacet
facet normal -0.6513710618019104 0.7587592601776123 0.0
 outer loop
  vertex 13.64566707611084 85.38938903808594 -50.0
  vertex 12.264398574829102 84.20361328125 -50.0
  vertex 12.264398574829102 84.20361328125 50.0
 endloop
endfacet
facet normal 0.6513710618019104 -0.7587592601776123 0.0
 outer loop
  vertex 12.264398574829102 84.20361328125 50.0
  vertex 12.264398574829102 84.20361328125 -50.0
  vertex 13.64566707611084 85.38938903808594 -50.0
 endloop
endfacet
facet normal 0.0 0.0 -1.0
 outer loop
  vertex 19.237337112426758 105.39035034179688 50.0
  vertex 19.65284538269043 103.61964416503906 50.0
  vertex 20.0 100.0 50.0
 endloop
endfacet
facet normal 0.0 0.0 1.0
 outer loop
  vertex 20.0 100.0 50.0
  vertex 19.65284538269043 103.61964416503906 50.0
  vertex 19.237337112426758 105.39035034179688 50.0
 endloop
endfacet
facet normal 0.0 0.0 -1.0
 outer loop
  vertex -19.95389747619629 100.90904998779297 50.0
  vertex -14.28507137298584 113.96382141113281 50.0
  vertex -12.955032348632812 115.20349884033203 50.0
 endloop
endfacet
facet normal 0.0 0.0 1.0
 outer loop
  vertex -12.955032348632812 115.20349884033203 50.0
  vertex -14.28507137298584 113.96382141113281 50.0
  vertex -19.95389747619629 100.90904998779297 50.0
 endloop
endfacet
facet normal 0.9638553261756897 0.2664259672164917 -0.0
 outer loop
  vertex -18.980810165405273 93.73739624023438 -50.0
  vertex -19.465484619140625 95.49081420898438 50.0
  vertex -18.980810165405273 93.73739624023438 50.0
 endloop
endfacet
facet normal -0.9638553261756897 -0.2664259672164917 -0.0
 outer loop
  vertex -18.980810165405273 93.73739624023438 50.0
  vertex -19.465484619140625 95.49081420898438 50.0
  vertex -18.980810165405273 93.73739624023438 -50.0
 endloop
endfacet
facet normal 0.0 0.0 -1.0
 outer loop
  vertex -16.58611297607422 88.8487319946289 50.0
  vertex -18.980810165405273 93.73739624023438 50.0
  vertex -19.465484619140625 95.49081420898438 50.0
 endloop
endfacet
facet normal 0.0 0.0 1.0
 outer loop
  vertex -19.465484619140625 95.49081420898438 50.0
  vertex -18.980810165405273 93.73739624023438 50.0
  vertex -16.58611297607422 88.8487319946289 50.0
 endloop
endfacet
facet normal -0.4167528748512268 0.9090198874473572 0.0
 outer loop
  vertex 9.19296932220459 82.25765228271484 -50.0
  vertex 7.53971529006958 81.49969482421875 50.0
  vertex 9.19296932220459 82.25765228271484 50.0
 endloop
endfacet
facet normal 0.4167528748512268 -0.9090198874473572 0.0
 outer loop
  vertex 9.19296932220459 82.25765228271484 50.0
  vertex 7.53971529006958 81.49969482421875 50.0
  vertex 9.19296932220459 82.25765228271484 -50.0
 endloop
endfacet
facet normal -0.07024195045232773 -0.9975299835205078 0.0
 outer loop
  vertex 0.4551084637641907 119.97433471679688 -50.0
  vertex 2.2690646648406982 119.84660339355469 -50.0
  vertex 0.4551084637641907 119.97433471679688 50.0
 endloop
endfacet
facet normal 0.07024195045232773 0.9975299835205078 0.0
 outer loop
  vertex 0.4551084637641907 119.97433471679688 50.0
  vertex 2.2690646648406982 119.84660339355469 -50.0
  vertex 0.4551084637641907 119.97433471679688 -50.0
 endloop
endfacet
facet normal -0.3334614336490631 0.9427636861801147 0.0
 outer loop
  vertex 7.53971529006958 81.49969482421875 -50.0
  vertex 5.825493812561035 80.89336395263672 -50.0
  vertex 5.825493812561035 80.89336395263672 50.0
 endloop
endfacet
facet normal 0.3334614336490631 -0.9427636861801147 0.0
 outer loop
  vertex 5.825493812561035 80.89336395263672 50.0
  vertex 5.825493812561035 80.89336395263672 -50.0
  vertex 7.53971529006958 81.49969482421875 -50.0
 endloop
endfacet
facet normal 0.0 0.0 1.0
 outer loop
  vertex 17.067584991455078 89.62118530273438 -50.0
  vertex 5.825493812561035 80.89336395263672 -50.0
  vertex 7.53971529006958 81.49969482421875 -50.0
 endloop
endfacet
facet normal -0.0 0.0 -1.0
 outer loop
  vertex 7.53971529006958 81.49969482421875 -50.0
  vertex 5.825493812561035 80.89336395263672 -50.0
  vertex 17.067584991455078 89.62118530273438 -50.0
 endloop
endfacet
facet normal 0.01960013248026371 -0.9998078942298889 0.0
 outer loop
  vertex 0.4551084637641907 119.97433471679688 -50.0
  vertex 0.4551084637641907 119.97433471679688 50.0
  vertex -1.3635176420211792 119.93868255615234 50.0
 endloop
endfacet
facet normal -0.01960013248026371 0.9998078942298889 0.0
 outer loop
  vertex -1.3635176420211792 119.93868255615234 50.0
  vertex 0.4551084637641907 119.97433471679688 50.0
  vertex 0.4551084637641907 119.97433471679688 -50.0
 endloop
endfacet
facet normal 0.0 0.0 -1.0
 outer loop
  vertex -8.376166343688965 118.141357421875 50.0
  vertex -1.3635176420211792 119.93868255615234 50.0
  vertex 0.4551084637641907 119.97433471679688 50.0
 endloop
endfacet
facet normal 0.0 0.0 1.0
 outer loop
  vertex 0.4551084637641907 119.97433471679688 50.0
  vertex -1.3635176420211792 119.93868255615234 50.0
  vertex -8.376166343688965 118.141357421875 50.0
 endloop
endfacet
facet normal 0.0 0.0 1.0
 outer loop
  vertex 17.067584991455078 89.62118530273438 -50.0
  vertex 7.53971529006958 81.49969482421875 -50.0
  vertex 16.055818557739258 88.11026000976562 -50.0
 endloop
endfacet
facet normal -0.0 0.0 -1.0
 outer loop
