solid
facet normal -0.23474828898906708 0.8556490540504456 -0.4612570106983185
 outer loop
  vertex 3.115032911300659 91.58841705322266 4.271402359008789
  vertex 1.2903318405151367 92.0526123046875 6.061150074005127
  vertex 2.9894182682037354 92.41060638427734 5.860523700714111
 endloop
endfacet
facet normal 0.23474828898906708 -0.8556490540504456 0.4612570106983185
 outer loop
  vertex 2.9894182682037354 92.41060638427734 5.860523700714111
  vertex 1.2903318405151367 92.0526123046875 6.061150074005127
  vertex 3.115032911300659 91.58841705322266 4.271402359008789
 endloop
endfacet
facet normal -0.6770370602607727 -0.16809722781181335 -0.7164942622184753
 outer loop
  vertex 6.258925914764404 103.279541015625 7.134859561920166
  vertex 7.832200050354004 102.25179290771484 5.889346122741699
  vertex 6.193750858306885 101.10002899169922 7.70778226852417
 endloop
endfacet
facet normal 0.6770370602607727 0.16809724271297455 0.7164943218231201
 outer loop
  vertex 6.193750858306885 101.10002899169922 7.70778226852417
  vertex 7.832200050354004 102.25179290771484 5.889346122741699
  vertex 6.258925914764404 103.279541015625 7.134859561920166
 endloop
endfacet
facet normal -0.573624312877655 0.7766169905662537 -0.2604250907897949
 outer loop
  vertex 4.678110599517822 91.27233123779297 1.5429754257202148
  vertex 5.891096591949463 92.95661926269531 3.8939335346221924
  vertex 7.129446983337402 93.38426971435547 2.4415879249572754
 endloop
endfacet
facet normal 0.573624312877655 -0.7766169905662537 0.2604250907897949
 outer loop
  vertex 7.129446983337402 93.38426971435547 2.4415879249572754
  vertex 5.891096591949463 92.95661926269531 3.8939335346221924
  vertex 4.678110599517822 91.27233123779297 1.5429754257202148
 endloop
endfacet
facet normal 0.1668795794248581 0.574027955532074 0.8016502857208252
 outer loop
  vertex -3.0771889686584473 94.33394622802734 -7.660621643066406
  vertex -0.9589247703552246 93.41704559326172 -7.445026874542236
  vertex -0.519771158695221 95.04841613769531 -8.704601287841797
 endloop
endfacet
facet normal -0.1668795496225357 -0.574027955532074 -0.8016502261161804
 outer loop
  vertex -0.519771158695221 95.04841613769531 -8.704601287841797
  vertex -0.9589247703552246 93.41704559326172 -7.445026874542236
  vertex -3.0771889686584473 94.33394622802734 -7.660621643066406
 endloop
endfacet
facet normal -0.736823320388794 -0.3993726968765259 -0.5455207228660583
 outer loop
  vertex 8.39482593536377 104.03103637695312 3.8268449306488037
  vertex 7.832200050354004 102.25179290771484 5.889346122741699
  vertex 6.9901204109191895 104.73150634765625 5.21134090423584
 endloop
endfacet
facet normal 0.736823320388794 0.3993726968765259 0.5455206632614136
 outer loop
  vertex 6.9901204109191895 104.73150634765625 5.21134090423584
  vertex 7.832200050354004 102.25179290771484 5.889346122741699
  vertex 8.39482593536377 104.03103637695312 3.8268449306488037
 endloop
endfacet
facet normal -0.06399708241224289 0.22332803905010223 0.9726402163505554
 outer loop
  vertex 1.6674177646636963 98.00663757324219 -9.608131408691406
  vertex 0.5241609215736389 99.43693542480469 -10.011765480041504
  vertex -0.10703583806753159 97.40120697021484 -9.585872650146484
 endloop
endfacet
facet normal 0.06399708986282349 -0.22332802414894104 -0.9726402163505554
 outer loop
  vertex -0.10703583806753159 97.40120697021484 -9.585872650146484
  vertex 0.5241609215736389 99.43693542480469 -10.011765480041504
  vertex 1.6674177646636963 98.00663757324219 -9.608131408691406
 endloop
endfacet
facet normal 0.16042514145374298 -0.027930183336138725 -0.9866527318954468
 outer loop
  vertex -2.9835798740386963 100.46063232421875 9.545580863952637
  vertex -1.222413420677185 101.90376281738281 9.791086196899414
  vertex -0.42038285732269287 99.76719665527344 9.981974601745605
 endloop
endfacet
facet normal -0.16042514145374298 0.027930183336138725 0.9866527318954468
 outer loop
  vertex -0.42038285732269287 99.76719665527344 9.981974601745605
  vertex -1.222413420677185 101.90376281738281 9.791086196899414
  vertex -2.9835798740386963 100.46063232421875 9.545580863952637
 endloop
endfacet
facet normal 0.5483551025390625 -0.3067355155944824 -0.777958869934082
 outer loop
  vertex -6.59173059463501 103.66658782958984 6.651444435119629
  vertex -4.920891284942627 103.78753662109375 7.781470775604248
  vertex -6.4605393409729 101.82394409179688 7.470438480377197
 endloop
endfacet
facet normal -0.5483551025390625 0.3067355155944824 0.777958869934082
 outer loop
  vertex -6.4605393409729 101.82394409179688 7.470438480377197
  vertex -4.920891284942627 103.78753662109375 7.781470775604248
  vertex -6.59173059463501 103.66658782958984 6.651444435119629
 endloop
endfacet
facet normal 0.7493018507957458 0.5181452631950378 0.41239824891090393
 outer loop
  vertex -6.63625955581665 93.68373107910156 -4.02133321762085
  vertex -7.3645734786987305 95.77141571044922 -5.321040153503418
  vertex -8.306679725646973 95.38394927978516 -3.122471809387207
 endloop
endfacet
facet normal -0.7493017911911011 -0.5181452035903931 -0.41239824891090393
 outer loop
  vertex -8.306679725646973 95.38394927978516 -3.122471809387207
  vertex -7.3645734786987305 95.77141571044922 -5.321040153503418
  vertex -6.63625955581665 93.68373107910156 -4.02133321762085
 endloop
endfacet
facet normal 0.7723842263221741 0.2652624845504761 -0.5771121382713318
 outer loop
  vertex -7.738478183746338 96.08773040771484 5.034163475036621
  vertex -7.787720203399658 98.0846176147461 5.886104583740234
  vertex -6.533035755157471 97.0398941040039 7.08513069152832
 endloop
endfacet
facet normal -0.7723842263221741 -0.2652624845504761 0.5771121382713318
 outer loop
  vertex -6.533035755157471 97.0398941040039 7.08513069152832
  vertex -7.787720203399658 98.0846176147461 5.886104583740234
  vertex -7.738478183746338 96.08773040771484 5.034163475036621
 endloop
endfacet
facet normal -0.3615681529045105 -0.8854461908340454 -0.2919822633266449
 outer loop
  vertex 4.32604455947876 108.06417846679688 3.9744889736175537
  vertex 1.9630039930343628 109.55108642578125 2.3915953636169434
  vertex 4.425204753875732 108.83707427978516 1.5078636407852173
 endloop
endfacet
facet normal 0.3615681529045105 0.8854461312294006 0.2919822633266449
 outer loop
  vertex 4.425204753875732 108.83707427978516 1.5078636407852173
  vertex 1.9630039930343628 109.55108642578125 2.3915953636169434
  vertex 4.32604455947876 108.06417846679688 3.9744889736175537
 endloop
endfacet
facet normal -0.6235249638557434 0.7701928615570068 -0.1342368721961975
 outer loop
  vertex 7.184739112854004 93.09209442138672 0.5083833336830139
  vertex 5.76231575012207 91.8607406616211 0.05051035434007645
  vertex 7.129446983337402 93.38426971435547 2.4415879249572754
 endloop
endfacet
facet normal 0.6235249042510986 -0.7701928615570068 0.13423685729503632
 outer loop
  vertex 7.129446983337402 93.38426971435547 2.4415879249572754
  vertex 5.76231575012207 91.8607406616211 0.05051035434007645
  vertex 7.184739112854004 93.09209442138672 0.5083833336830139
 endloop
endfacet
facet normal -0.20784848928451538 0.7178097367286682 0.6644909381866455
 outer loop
  vertex 4.123100280761719 93.32511901855469 -6.312794208526611
  vertex 2.907369613647461 93.99360656738281 -7.415194034576416
  vertex 2.7405362129211426 92.38345336914062 -5.728026390075684
 endloop
endfacet
facet normal 0.20784853398799896 -0.7178097367286682 -0.6644909381866455
 outer loop
  vertex 2.7405362129211426 92.38345336914062 -5.728026390075684
  vertex 2.907369613647461 93.99360656738281 -7.415194034576416
  vertex 4.123100280761719 93.32511901855469 -6.312794208526611
 endloop
endfacet
facet normal -0.24328142404556274 0.7135925889015198 0.656962513923645
 outer loop
  vertex 2.907369613647461 93.99360656738281 -7.415194034576416
  vertex 0.7219974398612976 92.48278045654297 -6.583405494689941
  vertex 2.7405362129211426 92.38345336914062 -5.728026390075684
 endloop
endfacet
facet normal 0.24328142404556274 -0.7135925889015198 -0.6569625735282898
 outer loop
  vertex 2.7405362129211426 92.38345336914062 -5.728026390075684
  vertex 0.7219974398612976 92.48278045654297 -6.583405494689941
  vertex 2.907369613647461 93.99360656738281 -7.415194034576416
 endloop
endfacet
facet normal -0.5544452667236328 0.5838804244995117 0.5930210947990417
 outer loop
  vertex 5.398683547973633 94.99459075927734 -6.763926029205322
  vertex 4.123100280761719 93.32511901855469 -6.312794208526611
  vertex 6.428248882293701 93.80119323730469 -4.626330852508545
 endloop
endfacet
facet normal 0.5544453263282776 -0.5838804244995117 -0.5930211544036865
 outer loop
  vertex 6.428248882293701 93.80119323730469 -4.626330852508545
  vertex 4.123100280761719 93.32511901855469 -6.312794208526611
  vertex 5.398683547973633 94.99459075927734 -6.763926029205322
 endloop
endfacet
facet normal 0.4084410071372986 0.09481765329837799 -0.9078466892242432
 outer loop
  vertex -2.9835798740386963 100.46063232421875 9.545580863952637
  vertex -2.5423033237457275 97.74562072753906 9.460549354553223
  vertex -5.15051794052124 100.08526611328125 8.531469345092773
 endloop
endfacet
facet normal -0.40844103693962097 -0.0948176383972168 0.9078466892242432
 outer loop
  vertex -5.15051794052124 100.08526611328125 8.531469345092773
  vertex -2.5423033237457275 97.74562072753906 9.460549354553223
  vertex -2.9835798740386963 100.46063232421875 9.545580863952637
 endloop
endfacet
facet normal 0.13237561285495758 -0.47976499795913696 -0.8673535585403442
 outer loop
  vertex -2.5914852619171143 104.22962951660156 8.6189546585083
  vertex -1.1370331048965454 106.46897888183594 7.602267265319824
  vertex -0.08401475101709366 103.81096649169922 9.233222961425781
 endloop
endfacet
facet normal -0.1323755979537964 0.47976499795913696 0.8673535585403442
 outer loop
  vertex -0.08401475101709366 103.81096649169922 9.233222961425781
  vertex -1.1370331048965454 106.46897888183594 7.602267265319824
  vertex -2.5914852619171143 104.22962951660156 8.6189546585083
 endloop
endfacet
facet normal 0.9859434962272644 0.08816003054380417 -0.14192692935466766
 outer loop
  vertex -9.909331321716309 100.86780548095703 1.0279932022094727
  vertex -9.493937492370605 99.68901824951172 3.181445598602295
  vertex -9.463841438293457 97.81788635253906 2.228236436843872
 endloop
endfacet
facet normal -0.9859434962272644 -0.08816004544496536 0.14192692935466766
 outer loop
  vertex -9.463841438293457 97.81788635253906 2.228236436843872
  vertex -9.493937492370605 99.68901824951172 3.181445598602295
  vertex -9.909331321716309 100.86780548095703 1.0279932022094727
 endloop
endfacet
facet normal 0.9989527463912964 0.03338272497057915 0.03128945827484131
 outer loop
  vertex -9.779614448547363 97.80720520019531 0.15198390185832977
  vertex -9.8492431640625 101.35723114013672 -1.4125603437423706
  vertex -9.909331321716309 100.86780548095703 1.0279932022094727
 endloop
endfacet
facet normal -0.9989527463912964 -0.03338272124528885 -0.03128945454955101
 outer loop
  vertex -9.909331321716309 100.86780548095703 1.0279932022094727
  vertex -9.8492431640625 101.35723114013672 -1.4125603437423706
  vertex -9.779614448547363 97.80720520019531 0.15198390185832977
 endloop
endfacet
facet normal -0.6945929527282715 -0.12923714518547058 -0.7076992392539978
 outer loop
  vertex 6.193750858306885 101.10002899169922 7.70778226852417
  vertex 7.832200050354004 102.25179290771484 5.889346122741699
  vertex 7.441877841949463 100.68643188476562 6.558299541473389
 endloop
endfacet
facet normal 0.6945929527282715 0.12923716008663177 0.7076992988586426
 outer loop
  vertex 7.441877841949463 100.68643188476562 6.558299541473389
  vertex 7.832200050354004 102.25179290771484 5.889346122741699
  vertex 6.193750858306885 101.10002899169922 7.70778226852417
 endloop
endfacet
facet normal -0.8042090535163879 -0.5225121378898621 0.2832470238208771
 outer loop
  vertex 7.065522193908691 106.58039093017578 -2.480156421661377
  vertex 7.1668596267700195 105.35984802246094 -4.443996906280518
  vertex 8.784543991088867 103.7869644165039 -2.7525205612182617
 endloop
endfacet
facet normal 0.8042090535163879 0.5225121378898621 -0.2832470238208771
 outer loop
  vertex 8.784543991088867 103.7869644165039 -2.7525205612182617
  vertex 7.1668596267700195 105.35984802246094 -4.443996906280518
  vertex 7.065522193908691 106.58039093017578 -2.480156421661377
 endloop
endfacet
facet normal 0.18342609703540802 0.06054183468222618 -0.9811674952507019
 outer loop
  vertex -2.9835798740386963 100.46063232421875 9.545580863952637
  vertex -0.42038285732269287 99.76719665527344 9.981974601745605
  vertex -2.5423033237457275 97.74562072753906 9.460549354553223
 endloop
endfacet
facet normal -0.18342609703540802 -0.06054183468222618 0.9811674952507019
 outer loop
  vertex -2.5423033237457275 97.74562072753906 9.460549354553223
  vertex -0.42038285732269287 99.76719665527344 9.981974601745605
  vertex -2.9835798740386963 100.46063232421875 9.545580863952637
 endloop
endfacet
facet normal -0.743146538734436 0.02031024359166622 -0.6688204407691956
 outer loop
  vertex 6.799631118774414 98.77255249023438 7.213799953460693
  vertex 7.441877841949463 100.68643188476562 6.558299541473389
  vertex 8.352988243103027 99.62397003173828 5.513673305511475
 endloop
endfacet
facet normal 0.743146538734436 -0.020310211926698685 0.6688204407691956
 outer loop
  vertex 8.352988243103027 99.62397003173828 5.513673305511475
  vertex 7.441877841949463 100.68643188476562 6.558299541473389
  vertex 6.799631118774414 98.77255249023438 7.213799953460693
 endloop
endfacet
facet normal 0.749316394329071 -0.10212387144565582 -0.6542901396751404
 outer loop
  vertex -6.4605393409729 101.82394409179688 7.470438480377197
  vertex -7.210489749908447 99.88496398925781 6.914211273193359
  vertex -8.332222938537598 101.00077819824219 5.455402374267578
 endloop
endfacet
facet normal -0.749316394329071 0.10212387144565582 0.6542901396751404
 outer loop
  vertex -8.332222938537598 101.00077819824219 5.455402374267578
  vertex -7.210489749908447 99.88496398925781 6.914211273193359
  vertex -6.4605393409729 101.82394409179688 7.470438480377197
 endloop
endfacet
facet normal 0.6894189119338989 -0.6958156824111938 -0.20135048031806946
 outer loop
  vertex -7.159465312957764 106.28913116455078 2.8091158866882324
  vertex -7.469694137573242 106.59831237792969 0.6784490942955017
  vertex -6.1063761711120605 107.82878875732422 1.0942039489746094
 endloop
endfacet
facet normal -0.6894189119338989 0.6958156824111938 0.20135049521923065
 outer loop
  vertex -6.1063761711120605 107.82878875732422 1.0942039489746094
  vertex -7.469694137573242 106.59831237792969 0.6784490942955017
  vertex -7.159465312957764 106.28913116455078 2.8091158866882324
 endloop
endfacet
facet normal 0.08623432368040085 -0.9249398112297058 -0.3702024519443512
 outer loop
  vertex -0.4034094214439392 108.85222625732422 4.710823059082031
  vertex -1.5059465169906616 109.5463638305664 2.7197177410125732
  vertex 0.28460633754730225 109.54171752929688 3.1484148502349854
 endloop
endfacet
facet normal -0.08623435348272324 0.9249398112297058 0.3702024519443512
 outer loop
  vertex 0.28460633754730225 109.54171752929688 3.1484148502349854
  vertex -1.5059465169906616 109.5463638305664 2.7197177410125732
  vertex -0.4034094214439392 108.85222625732422 4.710823059082031
 endloop
endfacet
facet normal 0.44988274574279785 -0.4913037121295929 -0.7458056807518005
 outer loop
  vertex -3.201765775680542 106.09468841552734 7.2986273765563965
  vertex -4.920891284942627 103.78753662109375 7.781470775604248
  vertex -5.298543453216553 105.75284576416016 6.259006023406982
 endloop
endfacet
facet normal -0.44988277554512024 0.4913037121295929 0.7458056807518005
 outer loop
  vertex -5.298543453216553 105.75284576416016 6.259006023406982
  vertex -4.920891284942627 103.78753662109375 7.781470775604248
  vertex -3.201765775680542 106.09468841552734 7.2986273765563965
 endloop
endfacet
facet normal -0.050906721502542496 -0.8849607110023499 0.4628748297691345
 outer loop
  vertex -0.48596110939979553 109.49227905273438 -3.315669059753418
  vertex 0.19396691024303436 108.5079116821289 -5.12288236618042
  vertex 1.6477859020233154 109.19451141357422 -3.650296449661255
 endloop
endfacet
facet normal 0.050906721502542496 0.8849607110023499 -0.4628748297691345
 outer loop
  vertex 1.6477859020233154 109.19451141357422 -3.650296449661255
  vertex 0.19396691024303436 108.5079116821289 -5.12288236618042
  vertex -0.48596110939979553 109.49227905273438 -3.315669059753418
 endloop
endfacet
facet normal -0.3292565643787384 0.47914397716522217 0.8136407136917114
 outer loop
  vertex 2.907369613647461 93.99360656738281 -7.415194034576416
  vertex 4.119133472442627 96.21683502197266 -8.234063148498535
  vertex 1.9484611749649048 95.9083480834961 -8.930806159973145
 endloop
endfacet
facet normal 0.329256534576416 -0.4791439175605774 -0.8136406540870667
 outer loop
  vertex 1.9484611749649048 95.9083480834961 -8.930806159973145
  vertex 4.119133472442627 96.21683502197266 -8.234063148498535
  vertex 2.907369613647461 93.99360656738281 -7.415194034576416
 endloop
endfacet
facet normal 0.30986398458480835 -0.9493916034698486 -0.051378268748521805
 outer loop
  vertex -3.0420327186584473 109.35198974609375 1.5421380996704102
  vertex -4.663486957550049 108.90701293945312 -0.014416510239243507
  vertex -2.685934543609619 109.58328247070312 -0.5841569900512695
 endloop
endfacet
facet normal -0.30986401438713074 0.9493916034698486 0.051378268748521805
 outer loop
  vertex -2.685934543609619 109.58328247070312 -0.5841569900512695
  vertex -4.663486957550049 108.90701293945312 -0.014416510239243507
  vertex -3.0420327186584473 109.35198974609375 1.5421380996704102
 endloop
endfacet
facet normal -0.140000119805336 -0.8575987219810486 0.49489837884902954
 outer loop
  vertex 1.4732884168624878 107.48150634765625 -6.539615154266357
  vertex 2.8961122035980225 108.1132583618164 -5.042367935180664
  vertex 0.19396691024303436 108.5079116821289 -5.12288236618042
 endloop
endfacet
facet normal 0.1400001049041748 0.8575987219810486 -0.49489837884902954
 outer loop
  vertex 0.19396691024303436 108.5079116821289 -5.12288236618042
  vertex 2.8961122035980225 108.1132583618164 -5.042367935180664
  vertex 1.4732884168624878 107.48150634765625 -6.539615154266357
 endloop
endfacet
facet normal -0.13815781474113464 -0.8383758068084717 0.5272935032844543
 outer loop
  vertex 2.8961122035980225 108.1132583618164 -5.042367935180664
  vertex 1.6477859020233154 109.19451141357422 -3.650296449661255
  vertex 0.19396691024303436 108.5079116821289 -5.12288236618042
 endloop
endfacet
facet normal 0.13815779983997345 0.8383756875991821 -0.5272935032844543
 outer loop
  vertex 0.19396691024303436 108.5079116821289 -5.12288236618042
  vertex 1.6477859020233154 109.19451141357422 -3.650296449661255
  vertex 2.8961122035980225 108.1132583618164 -5.042367935180664
 endloop
endfacet
facet normal 0.44340816140174866 -0.7611255049705505 0.473367840051651
 outer loop
  vertex -4.037558555603027 108.44476318359375 -3.6150319576263428
  vertex -4.992328643798828 107.14144134521484 -4.816293716430664
  vertex -3.3831331729888916 107.85274505615234 -5.179941177368164
 endloop
endfacet
facet normal -0.44340816140174866 0.7611255049705505 -0.473367840051651
 outer loop
  vertex -3.3831331729888916 107.85274505615234 -5.179941177368164
  vertex -4.992328643798828 107.14144134521484 -4.816293716430664
  vertex -4.037558555603027 108.44476318359375 -3.6150319576263428
 endloop
endfacet
facet normal -0.3130185902118683 0.9458461999893188 -0.08599045127630234
 outer loop
  vertex 2.3284425735473633 90.54639434814453 2.111237049102783
  vertex 4.678110599517822 91.27233123779297 1.5429754257202148
  vertex 2.908644676208496 90.49449157714844 -0.5716896653175354
 endloop
endfacet
facet normal 0.3130185604095459 -0.9458461999893188 0.08599045127630234
 outer loop
  vertex 2.908644676208496 90.49449157714844 -0.5716896653175354
  vertex 4.678110599517822 91.27233123779297 1.5429754257202148
  vertex 2.3284425735473633 90.54639434814453 2.111237049102783
 endloop
endfacet
facet normal 0.4121539890766144 0.4421893358230591 0.7966163754463196
 outer loop
  vertex -3.0771889686584473 94.33394622802734 -7.660621643066406
  vertex -3.9407618045806885 97.04251861572266 -8.71731185913086
  vertex -5.1785569190979 95.98444366455078 -7.489579677581787
 endloop
endfacet
facet normal -0.4121539890766144 -0.4421892762184143 -0.7966163754463196
 outer loop
  vertex -5.1785569190979 95.98444366455078 -7.489579677581787
  vertex -3.9407618045806885 97.04251861572266 -8.71731185913086
  vertex -3.0771889686584473 94.33394622802734 -7.660621643066406
 endloop
endfacet
facet normal 0.08450643718242645 -0.992558479309082 0.08767201006412506
 outer loop
  vertex -0.48596110939979553 109.49227905273438 -3.315669059753418
  vertex 0.8930802941322327 109.73959350585938 -1.8450037240982056
  vertex -2.4536006450653076 109.38411712646484 -2.6436052322387695
 endloop
endfacet
facet normal -0.08450643718242645 0.992558479309082 -0.08767200261354446
 outer loop
  vertex -2.4536006450653076 109.38411712646484 -2.6436052322387695
  vertex 0.8930802941322327 109.73959350585938 -1.8450037240982056
  vertex -0.48596110939979553 109.49227905273438 -3.315669059753418
 endloop
endfacet
facet normal 0.8628280162811279 0.4783729314804077 0.16336190700531006
 outer loop
  vertex -8.655762672424316 94.98892974853516 -0.12198556214570999
  vertex -7.707915782928467 93.82225799560547 -1.7118582725524902
  vertex -8.306679725646973 95.38394927978516 -3.122471809387207
 endloop
endfacet
facet normal -0.8628280162811279 -0.4783729612827301 -0.16336193680763245
 outer loop
  vertex -8.306679725646973 95.38394927978516 -3.122471809387207
  vertex -7.707915782928467 93.82225799560547 -1.7118582725524902
  vertex -8.655762672424316 94.98892974853516 -0.12198556214570999
 endloop
endfacet
facet normal -0.5535352230072021 -0.7637740969657898 -0.33203592896461487
 outer loop
  vertex 5.987466812133789 106.59605407714844 4.581831932067871
  vertex 4.32604455947876 108.06417846679688 3.9744889736175537
  vertex 6.887556076049805 106.81534576416016 2.576866865158081
 endloop
endfacet
facet normal 0.5535352230072021 0.7637741565704346 0.33203592896461487
 outer loop
  vertex 6.887556076049805 106.81534576416016 2.576866865158081
  vertex 4.32604455947876 108.06417846679688 3.9744889736175537
  vertex 5.987466812133789 106.59605407714844 4.581831932067871
 endloop
endfacet
facet normal 0.2802872061729431 0.6476893424987793 -0.7084755301475525
 outer loop
  vertex -3.140960454940796 92.47012329101562 5.7873735427856445
  vertex -4.366459369659424 93.46798706054688 6.214789867401123
  vertex -3.135366439819336 94.67639923095703 7.806567192077637
 endloop
endfacet
facet normal -0.2802872061729431 -0.6476893424987793 0.7084755301475525
 outer loop
  vertex -3.135366439819336 94.67639923095703 7.806567192077637
  vertex -4.366459369659424 93.46798706054688 6.214789867401123
  vertex -3.140960454940796 92.47012329101562 5.7873735427856445
 endloop
endfacet
facet normal 0.9323163628578186 -0.15898451209068298 0.32482320070266724
 outer loop
  vertex -9.268718719482422 103.13114929199219 -2.2105541229248047
  vertex -9.8492431640625 101.35723114013672 -1.4125603437423706
  vertex -8.699203491210938 101.61116790771484 -4.589146137237549
 endloop
endfacet
facet normal -0.9323163628578186 0.15898452699184418 -0.3248232305049896
 outer loop
  vertex -8.699203491210938 101.61116790771484 -4.589146137237549
  vertex -9.8492431640625 101.35723114013672 -1.4125603437423706
  vertex -9.268718719482422 103.13114929199219 -2.2105541229248047
 endloop
endfacet
facet normal 0.062153175473213196 0.34050753712654114 0.9381852746009827
 outer loop
  vertex -1.9554083347320557 96.51425170898438 -9.141507148742676
  vertex -0.519771158695221 95.04841613769531 -8.704601287841797
  vertex -0.10703583806753159 97.40120697021484 -9.585872650146484
 endloop
endfacet
facet normal -0.06215318292379379 -0.34050753712654114 -0.9381853342056274
 outer loop
  vertex -0.10703583806753159 97.40120697021484 -9.585872650146484
  vertex -0.519771158695221 95.04841613769531 -8.704601287841797
  vertex -1.9554083347320557 96.51425170898438 -9.141507148742676
 endloop
endfacet
facet normal 0.37653660774230957 -0.4500330686569214 -0.8097470998764038
 outer loop
  vertex -2.5914852619171143 104.22962951660156 8.6189546585083
  vertex -4.920891284942627 103.78753662109375 7.781470775604248
  vertex -3.201765775680542 106.09468841552734 7.2986273765563965
 endloop
endfacet
facet normal -0.37653663754463196 0.45003312826156616 0.8097470998764038
 outer loop
  vertex -3.201765775680542 106.09468841552734 7.2986273765563965
  vertex -4.920891284942627 103.78753662109375 7.781470775604248
  vertex -2.5914852619171143 104.22962951660156 8.6189546585083
 endloop
endfacet
facet normal -0.011461565271019936 0.9336397647857666 0.3580299913883209
 outer loop
  vertex 1.608693242073059 91.16172790527344 -4.298916816711426
  vertex 0.24250200390815735 90.20948028564453 -1.8594633340835571
  vertex 2.1346943378448486 90.68110656738281 -3.0287551879882812
 endloop
endfacet
facet normal 0.011461546644568443 -0.9336397647857666 -0.3580299913883209
 outer loop
  vertex 2.1346943378448486 90.68110656738281 -3.0287551879882812
  vertex 0.24250200390815735 90.20948028564453 -1.8594633340835571
  vertex 1.608693242073059 91.16172790527344 -4.298916816711426
 endloop
endfacet
facet normal -0.05933145061135292 0.9407106041908264 0.33398106694221497
 outer loop
  vertex -1.3312381505966187 90.66952514648438 -3.434826135635376
  vertex 0.24250200390815735 90.20948028564453 -1.8594633340835571
  vertex 1.608693242073059 91.16172790527344 -4.298916816711426
 endloop
endfacet
facet normal 0.05933145806193352 -0.9407106041908264 -0.33398106694221497
 outer loop
  vertex 1.608693242073059 91.16172790527344 -4.298916816711426
  vertex 0.24250200390815735 90.20948028564453 -1.8594633340835571
  vertex -1.3312381505966187 90.66952514648438 -3.434826135635376
 endloop
endfacet
facet normal -0.13987544178962708 0.4992055594921112 -0.8551191687583923
 outer loop
  vertex 2.7527287006378174 95.86135864257812 8.685945510864258
  vertex 2.6356451511383057 94.09740447998047 7.675327777862549
  vertex 0.6250751614570618 93.82171630859375 7.843262672424316
 endloop
endfacet
facet normal 0.13987545669078827 -0.49920549988746643 0.8551191091537476
 outer loop
  vertex 0.6250751614570618 93.82171630859375 7.843262672424316
  vertex 2.6356451511383057 94.09740447998047 7.675327777862549
  vertex 2.7527287006378174 95.86135864257812 8.685945510864258
 endloop
endfacet
facet normal -0.4025852084159851 -0.853786826133728 0.33011093735694885
 outer loop
  vertex 3.0049972534179688 109.25940704345703 -1.945220708847046
  vertex 2.8961122035980225 108.1132583618164 -5.042367935180664
  vertex 5.142597198486328 107.32093811035156 -4.351905822753906
 endloop
endfacet
facet normal 0.4025852084159851 0.8537867665290833 -0.33011096715927124
 outer loop
  vertex 5.142597198486328 107.32093811035156 -4.351905822753906
  vertex 2.8961122035980225 108.1132583618164 -5.042367935180664
  vertex 3.0049972534179688 109.25940704345703 -1.945220708847046
 endloop
endfacet
facet normal 0.9929039478302002 0.06372404098510742 0.10040456056594849
 outer loop
  vertex -9.779614448547363 97.80720520019531 0.15198390185832977
  vertex -9.569228172302246 98.75090789794922 -2.527474880218506
  vertex -9.8492431640625 101.35723114013672 -1.4125603437423706
 endloop
endfacet
facet normal -0.9929039478302002 -0.06372404843568802 -0.10040456801652908
 outer loop
  vertex -9.8492431640625 101.35723114013672 -1.4125603437423706
  vertex -9.569228172302246 98.75090789794922 -2.527474880218506
  vertex -9.779614448547363 97.80720520019531 0.15198390185832977
 endloop
endfacet
facet normal 0.6318451166152954 0.5563833713531494 0.5396380424499512
 outer loop
  vertex -5.501105785369873 94.47058868408203 -6.1617231369018555
  vertex -7.3645734786987305 95.77141571044922 -5.321040153503418
  vertex -6.63625955581665 93.68373107910156 -4.02133321762085
 endloop
endfacet
facet normal -0.6318451166152954 -0.5563833713531494 -0.5396380424499512
 outer loop
  vertex -6.63625955581665 93.68373107910156 -4.02133321762085
  vertex -7.3645734786987305 95.77141571044922 -5.321040153503418
  vertex -5.501105785369873 94.47058868408203 -6.1617231369018555
 endloop
endfacet
facet normal 0.7849906086921692 0.25757479667663574 0.5634225606918335
 outer loop
  vertex -6.645090579986572 97.32647705078125 -7.0343756675720215
  vertex -8.559502601623535 99.08329010009766 -5.170260429382324
  vertex -7.3645734786987305 95.77141571044922 -5.321040153503418
 endloop
endfacet
facet normal -0.7849906086921692 -0.25757479667663574 -0.5634225606918335
 outer loop
  vertex -7.3645734786987305 95.77141571044922 -5.321040153503418
  vertex -8.559502601623535 99.08329010009766 -5.170260429382324
  vertex -6.645090579986572 97.32647705078125 -7.0343756675720215
 endloop
endfacet
facet normal -0.9629989266395569 -0.11238245666027069 -0.24495558440685272
 outer loop
  vertex 9.308938980102539 102.46212768554688 2.785870313644409
  vertex 9.89624309539795 100.77825927734375 1.2495267391204834
  vertex 9.396246910095215 100.20650482177734 3.477485418319702
 endloop
endfacet
facet normal 0.9629989266395569 0.11238245666027069 0.24495558440685272
 outer loop
  vertex 9.396246910095215 100.20650482177734 3.477485418319702
  vertex 9.89624309539795 100.77825927734375 1.2495267391204834
  vertex 9.308938980102539 102.46212768554688 2.785870313644409
 endloop
endfacet
facet normal 0.2609856426715851 0.22751906514167786 0.9381479024887085
 outer loop
  vertex -3.9407618045806885 97.04251861572266 -8.71731185913086
  vertex -1.9554083347320557 96.51425170898438 -9.141507148742676
  vertex -2.948103666305542 99.17501068115234 -9.510632514953613
 endloop
endfacet
facet normal -0.2609856128692627 -0.22751906514167786 -0.9381479024887085
 outer loop
  vertex -2.948103666305542 99.17501068115234 -9.510632514953613
  vertex -1.9554083347320557 96.51425170898438 -9.141507148742676
  vertex -3.9407618045806885 97.04251861572266 -8.71731185913086
 endloop
endfacet
facet normal 0.5440651178359985 -0.6627680659294128 -0.5145208239555359
 outer loop
  vertex -5.298543453216553 105.75284576416016 6.259006023406982
  vertex -6.815186977386475 105.64665222167969 4.7920660972595215
  vertex -4.313257694244385 107.77265930175781 4.699091911315918
 endloop
endfacet
facet normal -0.5440651178359985 0.6627681255340576 0.5145208239555359
 outer loop
  vertex -4.313257694244385 107.77265930175781 4.699091911315918
  vertex -6.815186977386475 105.64665222167969 4.7920660972595215
  vertex -5.298543453216553 105.75284576416016 6.259006023406982
 endloop
endfacet
facet normal -0.9185500144958496 0.39049190282821655 -0.061497628688812256
 outer loop
  vertex 9.165566444396973 96.56999969482422 2.2663347721099854
  vertex 9.00423812866211 95.77274322509766 -0.3863542675971985
  vertex 8.394161224365234 94.56812286376953 1.0769809484481812
 endloop
endfacet
facet normal 0.9185499548912048 -0.39049190282821655 0.06149762123823166
 outer loop
  vertex 8.394161224365234 94.56812286376953 1.0769809484481812
  vertex 9.00423812866211 95.77274322509766 -0.3863542675971985
  vertex 9.165566444396973 96.56999969482422 2.2663347721099854
 endloop
endfacet
facet normal 0.8138040900230408 -0.24227313697338104 0.5282297730445862
 outer loop
  vertex -7.206681251525879 102.12885284423828 -6.651126861572266
  vertex -7.7424116134643555 103.25733947753906 -5.308185577392578
  vertex -8.699203491210938 101.61116790771484 -4.589146137237549
 endloop
endfacet
facet normal -0.8138040900230408 0.24227313697338104 -0.5282297134399414
 outer loop
  vertex -8.699203491210938 101.61116790771484 -4.589146137237549
  vertex -7.7424116134643555 103.25733947753906 -5.308185577392578
  vertex -7.206681251525879 102.12885284423828 -6.651126861572266
 endloop
endfacet
facet normal -0.4929981827735901 -0.20736904442310333 -0.84495609998703
 outer loop
  vertex 6.258925914764404 103.279541015625 7.134859561920166
  vertex 6.193750858306885 101.10002899169922 7.70778226852417
  vertex 4.329238414764404 103.93280029296875 8.100432395935059
 endloop
endfacet
facet normal 0.4929981529712677 0.20736904442310333 0.84495609998703
 outer loop
  vertex 4.329238414764404 103.93280029296875 8.100432395935059
  vertex 6.193750858306885 101.10002899169922 7.70778226852417
  vertex 6.258925914764404 103.279541015625 7.134859561920166
 endloop
endfacet
facet normal -0.5129894614219666 -0.22273992002010345 -0.8289926052093506
 outer loop
  vertex 6.193750858306885 101.10002899169922 7.70778226852417
  vertex 3.93180251121521 101.48889923095703 9.003015518188477
  vertex 4.329238414764404 103.93280029296875 8.100432395935059
 endloop
endfacet
facet normal 0.5129894614219666 0.22273989021778107 0.8289926052093506
 outer loop
  vertex 4.329238414764404 103.93280029296875 8.100432395935059
  vertex 3.93180251121521 101.48889923095703 9.003015518188477
  vertex 6.193750858306885 101.10002899169922 7.70778226852417
 endloop
endfacet
facet normal 0.013625468127429485 0.9926308989524841 -0.12040857970714569
 outer loop
  vertex -1.6140519380569458 90.1329345703125 0.8014029860496521
  vertex -0.2157021462917328 90.2845458984375 2.209502696990967
  vertex 0.5516214966773987 90.05303192138672 0.3877652585506439
 endloop
endfacet
facet normal -0.01362546905875206 -0.9926308989524841 0.1204085648059845
 outer loop
  vertex 0.5516214966773987 90.05303192138672 0.3877652585506439
  vertex -0.2157021462917328 90.2845458984375 2.209502696990967
  vertex -1.6140519380569458 90.1329345703125 0.8014029860496521
 endloop
endfacet
facet normal -0.20696809887886047 0.27532488107681274 0.9388079047203064
 outer loop
  vertex 3.500561475753784 98.18304443359375 -9.25573444366455
  vertex 1.6674177646636963 98.00663757324219 -9.608131408691406
  vertex 1.9484611749649048 95.9083480834961 -8.930806159973145
 endloop
endfacet
facet normal 0.20696809887886047 -0.27532488107681274 -0.9388079643249512
 outer loop
  vertex 1.9484611749649048 95.9083480834961 -8.930806159973145
  vertex 1.6674177646636963 98.00663757324219 -9.608131408691406
  vertex 3.500561475753784 98.18304443359375 -9.25573444366455
 endloop
endfacet
facet normal 0.42301300168037415 -0.26128527522087097 0.8676347136497498
 outer loop
  vertex -5.038247585296631 103.59280395507812 -7.866573810577393
  vertex -4.586551189422607 100.93280792236328 -8.887845993041992
  vertex -2.8326222896575928 102.03334045410156 -9.411547660827637
 endloop
endfacet
facet normal -0.42301300168037415 0.26128527522087097 -0.8676347136497498
 outer loop
  vertex -2.8326222896575928 102.03334045410156 -9.411547660827637
  vertex -4.586551189422607 100.93280792236328 -8.887845993041992
  vertex -5.038247585296631 103.59280395507812 -7.866573810577393
 endloop
endfacet
facet normal -0.34190380573272705 0.8233371376991272 -0.45300960540771484
 outer loop
  vertex 3.115032911300659 91.58841705322266 4.271402359008789
  vertex 2.9894182682037354 92.41060638427734 5.860523700714111
  vertex 4.489610195159912 92.5456314086914 4.973676681518555
 endloop
endfacet
facet normal 0.34190377593040466 -0.823337197303772 0.45300954580307007
 outer loop
  vertex 4.489610195159912 92.5456314086914 4.973676681518555
  vertex 2.9894182682037354 92.41060638427734 5.860523700714111
  vertex 3.115032911300659 91.58841705322266 4.271402359008789
 endloop
endfacet
facet normal -0.8687926530838013 -0.476947158575058 0.133119136095047
 outer loop
  vertex 8.784543991088867 103.7869644165039 -2.7525205612182617
  vertex 9.253169059753418 103.6360855102539 -0.23464995622634888
  vertex 7.977301597595215 105.89556121826172 -0.4661252796649933
 endloop
endfacet
facet normal 0.8687926530838013 0.476947158575058 -0.1331191211938858
 outer loop
  vertex 7.977301597595215 105.89556121826172 -0.4661252796649933
  vertex 9.253169059753418 103.6360855102539 -0.23464995622634888
  vertex 8.784543991088867 103.7869644165039 -2.7525205612182617
 endloop
endfacet
facet normal 0.6429263353347778 0.6244704723358154 -0.44348880648612976
 outer loop
  vertex -6.2642502784729 94.68116760253906 5.785174369812012
  vertex -6.065817356109619 93.15386199951172 3.922264814376831
  vertex -7.6237359046936035 94.32362365722656 3.31087327003479
 endloop
endfacet
facet normal -0.6429263353347778 -0.6244704723358154 0.4434887766838074
 outer loop
  vertex -7.6237359046936035 94.32362365722656 3.31087327003479
  vertex -6.065817356109619 93.15386199951172 3.922264814376831
  vertex -6.2642502784729 94.68116760253906 5.785174369812012
 endloop
endfacet
facet normal 0.9294332265853882 0.24170301854610443 0.27880731225013733
 outer loop
  vertex -9.569228172302246 98.75090789794922 -2.527474880218506
  vertex -9.292989730834961 96.73573303222656 -1.7013534307479858
  vertex -8.775182723999023 97.32525634765625 -3.9385852813720703
 endloop
endfacet
facet normal -0.9294332265853882 -0.24170298874378204 -0.27880728244781494
 outer loop
  vertex -8.775182723999023 97.32525634765625 -3.9385852813720703
  vertex -9.292989730834961 96.73573303222656 -1.7013534307479858
  vertex -9.569228172302246 98.75090789794922 -2.527474880218506
 endloop
endfacet
facet normal 0.320943683385849 0.9359968304634094 -0.1445859968662262
 outer loop
  vertex -1.6140519380569458 90.1329345703125 0.8014029860496521
  vertex -4.671419620513916 91.30501556396484 1.6024574041366577
  vertex -2.314710855484009 90.68489837646484 2.8193323612213135
 endloop
endfacet
facet normal -0.320943683385849 -0.9359968304634094 0.1445859968662262
 outer loop
  vertex -2.314710855484009 90.68489837646484 2.8193323612213135
  vertex -4.671419620513916 91.30501556396484 1.6024574041366577
  vertex -1.6140519380569458 90.1329345703125 0.8014029860496521
 endloop
endfacet
facet normal -0.2851639986038208 -0.09888963401317596 -0.9533637166023254
 outer loop
  vertex 1.410393238067627 101.72358703613281 9.73285961151123
  vertex 3.93180251121521 101.48889923095703 9.003015518188477
  vertex 2.1264641284942627 99.20877075195312 9.77952766418457
 endloop
endfacet
facet normal 0.2851639688014984 0.09888963401317596 0.9533637166023254
 outer loop
  vertex 2.1264641284942627 99.20877075195312 9.77952766418457
  vertex 3.93180251121521 101.48889923095703 9.003015518188477
  vertex 1.410393238067627 101.72358703613281 9.73285961151123
 endloop
endfacet
facet normal -0.1656326949596405 0.9780464172363281 0.12645554542541504
 outer loop
  vertex 0.24250200390815735 90.20948028564453 -1.8594633340835571
  vertex 2.908644676208496 90.49449157714844 -0.5716896653175354
  vertex 2.1346943378448486 90.68110656738281 -3.0287551879882812
 endloop
endfacet
facet normal 0.1656327098608017 -0.9780464172363281 -0.12645556032657623
 outer loop
  vertex 2.1346943378448486 90.68110656738281 -3.0287551879882812
